711
1 2 100
1 102 119
1 194 131
1 195 102
2 3 91
2 4 258
2 50 146
2 53 268
2 102 178
2 103 117
2 104 145
2 193 237
2 195 147
3 4 170
3 50 160
3 52 335
3 53 213
3 103 192
3 104 156
3 39 213
4 39 243
4 82 201
4 83 143
4 104 134
5 6 140
5 7 61
5 8 88
5 36 316
6 8 135
6 132 271
6 135 257
6 221 117
6 222 237
7 8 35
7 27 175
7 28 269
7 132 217
8 9 144
8 36 311
8 135 185
9 10 114
9 28 150
9 122 184
9 132 293
9 141 378
9 143 269
10 11 66
10 122 273
10 135 331
10 143 156
12 13 157
12 14 182
12 75 209
12 166 181
12 167 116
12 193 286
13 14 143
13 15 128
13 79 212
13 80 297
13 111 214
13 112 195
13 193 135
14 15 178
14 79 71
14 168 167
14 203 323
14 210 180
14 211 375
14 217 297
15 80 179
15 83 315
15 103 182
15 193 171
16 17 147
16 18 271
16 172 216
16 174 166
17 18 217
17 19 162
17 130 199
17 174 176
17 175 140
17 180 196
18 19 87
18 21 186
18 23 232
18 24 284
19 20 164
19 21 169
19 130 132
20 21 94
20 22 139
21 23 138
21 24 110
22 26 266
22 29 354
22 128 318
22 130 202
22 131 283
22 132 266
23 26 188
24 25 129
24 26 111
25 26 114
25 27 144
25 29 176
25 132 157
26 28 223
26 29 120
26 122 286
27 28 96
27 132 112
28 122 90
29 122 173
30 32 207
30 33 152
30 218 293
30 245 118
31 32 70
31 245 230
31 246 87
32 33 244
32 246 101
32 123 263
32 69 254
32 34 152
32 35 113
32 36 336
33 35 285
33 36 168
33 223 101
34 35 131
34 69 111
34 123 266
34 137 190
34 202 271
35 36 270
35 72 357
35 73 273
35 137 106
36 135 173
36 136 241
36 137 278
36 140 214
36 223 211
37 38 106
37 90 100
37 148 113
37 149 118
38 90 70
38 149 182
39 40 163
39 41 149
39 45 274
39 52 273
39 53 92
40 41 71
40 42 93
40 51 262
40 52 139
40 53 166
41 43 114
41 45 132
41 48 341
41 53 151
42 43 54
42 44 69
43 44 49
43 45 84
44 46 62
45 46 140
45 47 126
46 48 151
47 48 159
48 49 157
50 51 147
50 52 248
50 53 180
50 150 198
50 153 244
50 184 213
50 195 118
50 196 202
51 52 143
51 53 227
51 150 188
51 184 70
51 187 175
52 184 156
52 185 176
52 187 107
54 113 175
54 114 212
54 233 107
55 56 279
55 57 128
55 114 367
55 128 257
55 178 222
55 179 188
55 233 426
56 57 160
56 118 206
56 119 231
56 218 216
56 244 371
56 245 401
57 114 384
57 129 113
57 218 219
57 245 466
58 59 154
58 60 201
58 61 373
58 62 165
58 63 186
58 65 178
58 67 174
58 96 282
58 97 179
58 160 245
58 238 146
58 240 92
59 60 72
59 62 263
59 63 212
59 67 98
59 68 264
59 107 175
59 238 202
60 61 242
60 63 212
60 107 109
60 110 101
61 63 305
61 76 254
61 77 291
61 102 169
61 110 150
61 112 77
61 193 167
61 194 172
62 63 127
62 160 101
62 163 172
62 181 315
63 76 114
63 97 297
63 163 175
63 110 243
63 164 112
64 65 103
64 100 159
64 107 276
65 66 306
65 67 70
65 68 200
65 192 396
65 237 122
65 238 93
66 68 199
66 100 271
66 125 184
66 127 97
66 188 428
66 192 84
66 244 558
67 68 165
68 101 148
68 107 233
68 108 194
68 111 357
68 127 135
69 70 87
69 72 150
69 73 134
69 123 156
69 124 194
70 71 98
70 72 66
70 124 148
71 72 82
71 106 211
71 108 175
71 126 189
72 73 85
72 74 120
72 125 255
73 74 153
73 124 251
73 165 122
73 166 310
73 203 338
74 75 153
74 108 199
74 111 268
74 126 276
74 165 251
74 166 161
74 167 176
75 108 93
75 109 174
75 167 169
76 77 79
76 78 90
76 110 258
76 164 100
77 164 83
77 234 174
77 194 212
77 196 170
78 194 86
79 80 124
79 105 217
79 210 180
79 211 329
79 217 242
80 81 97
80 82 123
80 105 190
81 82 126
81 217 143
82 83 80
82 104 255
83 104 198
83 105 185
84 85 118
84 88 91
85 86 44
85 87 130
85 88 98
86 87 171
86 88 118
87 90 112
87 133 109
89 134 154
89 182 78
89 183 106
89 247 40
90 133 68
90 148 169
91 92 67
91 93 165
91 94 167
91 99 251
92 93 179
92 94 146
92 99 285
92 100 376
92 239 110
93 94 57
94 95 190
94 97 241
95 96 102
95 160 140
96 160 57
96 97 157
97 160 186
98 99 164
98 157 258
98 158 279
99 100 154
99 157 265
99 158 252
99 236 155
99 239 331
100 101 97
100 127 367
100 158 234
100 191 209
100 192 236
100 236 91
100 237 160
101 192 176
101 237 125
102 103 119
102 193 96
103 104 90
103 193 177
104 105 92
105 193 209
106 107 193
106 108 53
106 126 141
106 127 131
107 108 209
107 109 121
107 110 117
108 110 249
108 111 166
109 110 133
109 111 138
110 111 216
110 112 152
111 112 191
111 167 182
111 168 292
111 193 286
112 193 154
113 114 137
113 115 229
113 116 192
113 117 214
114 117 114
114 118 119
114 178 401
114 233 197
115 116 113
115 121 333
115 155 302
116 117 90
116 120 219
116 121 317
116 159 544
117 118 66
117 119 122
117 121 381
118 119 109
119 120 117
119 241 62
120 121 145
120 243 130
121 155 181
121 159 271
121 188 234
121 190 388
121 243 200
123 124 99
123 188 342
123 189 260
123 244 400
123 246 220
124 125 50
124 126 129
125 189 341
126 127 58
127 167 380
128 129 174
128 130 165
128 131 271
128 132 472
128 179 220
128 180 211
129 131 139
129 218 180
130 131 319
130 132 448
130 175 270
130 180 225
131 132 242
131 218 241
131 219 236
131 220 215
131 222 223
132 220 120
133 148 149
133 224 152
134 149 125
134 183 62
134 227 322
135 140 138
135 141 192
135 223 300
136 137 175
136 138 169
136 140 63
136 142 194
137 138 177
137 165 188
137 202 216
138 139 83
138 140 175
138 142 161
138 165 165
138 202 112
139 140 221
139 142 110
139 201 99
139 202 105
139 203 247
140 141 76
141 142 164
141 143 217
141 197 190
142 143 310
142 144 76
142 197 205
142 201 175
142 204 231
143 197 162
144 197 164
144 198 139
144 204 202
145 146 150
145 147 212
145 161 193
145 181 219
145 182 329
145 248 279
146 147 70
146 148 145
146 248 130
148 149 156
148 224 152
148 248 180
149 162 395
149 182 172
149 183 97
149 248 120
150 151 172
150 153 129
150 184 157
150 195 229
150 196 116
150 225 243
150 235 200
151 152 76
151 153 92
151 225 99
151 226 201
152 153 166
152 154 131
152 184 227
152 185 150
152 225 176
152 226 169
152 227 184
153 154 197
153 184 94
154 185 130
154 186 74
154 226 258
154 227 289
155 156 125
155 188 346
156 157 210
156 158 269
156 159 110
156 190 274
157 158 81
158 159 196
158 190 187
158 191 144
159 189 209
159 190 201
160 161 115
160 162 172
160 163 143
160 164 203
161 162 73
161 163 142
161 234 252
162 181 67
162 182 263
163 164 106
163 181 185
163 234 163
163 247 417
164 234 198
165 202 122
166 167 106
166 168 129
166 202 258
166 203 164
166 210 207
167 168 131
168 210 125
169 170 98
169 171 133
169 228 210
169 230 176
170 171 134
170 173 109
170 176 162
170 177 103
170 230 173
171 172 98
173 174 138
173 175 172
173 176 115
174 175 102
175 176 137
175 180 96
176 177 136
176 179 130
176 180 175
177 178 106
177 231 118
177 233 249
178 179 196
178 231 177
178 233 205
179 180 139
181 182 203
181 225 345
181 234 228
181 247 244
182 183 106
182 225 294
182 234 365
182 247 120
182 248 124
183 227 273
183 248 124
184 185 81
184 187 112
184 235 262
185 186 67
186 187 97
188 189 172
188 192 347
188 243 243
188 244 254
188 246 308
189 190 160
189 192 224
190 191 104
191 192 104
193 194 212
194 195 132
194 196 179
195 196 112
196 225 259
196 234 311
197 198 240
197 199 251
197 200 284
198 199 58
198 200 85
198 205 162
198 206 185
198 211 336
198 212 311
199 206 173
200 201 142
200 207 217
201 202 114
201 203 179
201 204 86
202 203 174
203 207 140
203 209 165
204 205 112
204 208 159
204 209 230
205 206 156
205 208 96
205 212 217
206 212 153
206 213 177
207 208 48
207 209 105
208 210 170
208 211 177
208 212 188
209 210 32
210 211 195
210 217 239
211 212 80
211 216 124
211 217 162
212 213 154
212 214 277
212 216 118
212 217 197
213 214 205
213 215 143
213 216 184
214 215 164
215 216 96
216 217 127
218 219 53
218 245 291
219 220 250
219 222 88
219 223 130
220 221 45
221 222 188
222 223 107
225 226 188
225 234 182
225 247 247
226 227 92
226 234 318
226 247 107
228 229 88
228 230 83
229 230 29
229 231 129
229 232 123
230 231 107
231 233 173
232 233 169
234 235 108
234 247 362
236 237 87
236 238 181
236 239 193
237 238 145
237 239 202
238 239 139
238 240 78
239 240 116
241 242 124
242 243 148
242 244 214
243 244 147
244 245 117
244 246 179
245 246 149